11111111111111111111111111111111111111111111111111111111111111111111111111
1                                                                        1
1                                                                        1
1  4444444  444444  4444444  4444444  4444444   44444    4444444         1
1     4     4    4  4     4  4     4  4         4     4  4               1
1     4     4    4  4   4 4  4   4 4  44444     4     4  44444           1
1     4     4    4  4 4      4 4      4         4     4  4               1
1     4     4    4  4   4 4  4   4 4  4         4     4  4               1
1     4     444444  4     4  4     4  4444444   44444    4444444         1
1                                                                        1
1  4444444  444444  4     4  4444444  4444444  444444  4                 1
1  4        4    4  44    4     4     4     4  4    4  4                 1
1  4        4    4  4 4   4     4     4   4 4  4    4  4                 1
1  4        4    4  4  4  4     4     4 4      4    4  4                 1
1  4        4    4  4   4 4     4     4   4 4  4    4  4                 1
1  4444444  444444  4    44     4     4     4  444444  44444444          1
1                                                                        1
1            2222        2222         2222       2222                    1
1              22222        22222        2222      2222                  1
1            2222        2222         2222       2222                    1
1                                                                        1
1                                                                        1
1                                                             ENTER...   1
11111111111111111111111111111111111111111111111111111111111111111111111111